no,  Nx,  Ny,   n1,  delta11,  delta12,  delta13,   n2,  delta21,  delta22,  delta23
LOG: True
          0       1       2       3       4       5       6       7       8       9      10      11      12      13      14      15      16      17      18      19      20      21      22      23      24 
  0    +0.21    -0.16                               -0.02                                                                                                                                                                            
  1    -0.16    +1.34    -0.71                               -0.28                                                                                                                                                                   
  2             -0.71    +3.50    -1.65                               -0.77                                                                                                                                                          
  3                      -1.65    +6.79    -3.08                               -1.50                                                                                                                                                 
  4                               -3.08    +5.22                                        -1.27                                                                                                                                        
  5    -0.02                                        +0.73    -0.66                               -0.05                                                                                                                               
  6             -0.28                               -0.66    +4.08    -2.64                               -0.50                                                                                                                      
  7                      -0.77                               -2.64   +10.31    -5.64                               -1.27                                                                                                             
  8                               -1.50                               -5.64   +19.36    -9.87                               -2.34                                                                                                    
  9                                        -1.27                               -9.87   +14.03                                        -1.89                                                                                           
 10                                                 -0.05                                        +1.26    -1.13                               -0.08                                                                                  
 11                                                          -0.50                               -1.13    +6.64    -4.23                               -0.78                                                                         
 12                                                                   -1.27                               -4.23   +16.00    -8.61                               -1.89                                                                
 13                                                                            -2.34                               -8.61   +28.80   -14.46                               -3.38                                                       
 14                                                                                     -1.89                              -14.46   +20.00                                        -2.64                                              
 15                                                                                              -0.08                                        +1.92    -1.72                                                                         
 16                                                                                                       -0.78                               -1.72    +9.83    -6.20                                                                
 17                                                                                                                -1.89                               -6.20   +22.94   -12.21                                                       
 18                                                                                                                         -3.38                              -12.21   +40.11   -19.93                                              
 19                                                                                                                                  -2.64                              -19.93   +27.09                                              
 20                                                                                                                                                                                        +1.00                                     
 21                                                                                                                                                                                                 +1.00                            
 22                                                                                                                                                                                                          +1.00                   
 23                                                                                                                                                                                                                   +1.00          
 24                                                                                                                                                                                                                            +1.00 
